nixziz@#no! 1414338335 81 427 1 0 0 4 0 0 3 0
scraps@#no! 1414338363 7384 39172 17 0 0 89 28 18 83 9
c_c-away@#no! 1414321379 11 44 0 0 0 1 0 0 3 12
blitz6804@#no! 1414334553 151 757 6 0 0 3 0 0 3 0
hackpat@#no! 1414244855 768 3241 8 0 0 1 0 0 1 4
c_c@#no! 1414321376 1344 7850 1 6 0 10 1 0 5 20
d3str0y@#no! 1414186539 200 1354 0 0 0 7 1 0 6 0
disturbed_@#no! 1414335080 0 0 0 0 0 1 0 0 0 0
wfeather@#no! 1414328074 0 0 0 0 0 1 0 0 0 2
mbudden@#no! 1414287635 81 266 0 0 0 5 1 1 3 6
mbsleep@#no! 1414232965 0 0 0 0 0 0 0 0 0 1
hackpat@#patstestingroom 1414242298 0 0 0 0 0 2 1 0 1 1
amdphenomx4@#no! 1414305765 2 8 0 0 0 56 0 2 53 0
mbdrnk@#no! 1414328303 73 300 0 0 0 1 0 0 1 0
amdphenomx4q@#no! 1414305768 0 0 0 0 0 2 0 0 2 0
disturbed[away]@#no! 1414314208 1 1 0 0 0 0 0 0 4 5
norxxmal@#no! 1414337378 4 10 0 0 0 4 4 0 0 1
hagay@#no! 1414193823 16 67 0 0 0 4 0 4 2 0
wfeather[edm]@#no! 1414328205 7 36 0 0 0 0 0 0 1 0
blitzcraptop@#no! 1414213750 1590 9352 26 2 0 37 0 0 42 0
chanserv@#patstestingroom 1414170094 0 0 0 0 0 0 2 0 0 0
drsnoopdre@#no! 1414334561 40 118 0 0 0 0 0 0 0 0
paradigm84_@#no! 1414262145 0 0 0 0 0 5 0 4 2 0
paradigm84@#no! 1414275731 4 26 0 0 0 3 0 0 2 0
mbphone@#no! 1414302172 45 293 0 0 0 1 0 1 0 1
disturbed@#no! 1414335169 16363 63507 647 2 0 146 38 5 155 99
b-@#no! 1414284480 138 855 1 0 0 3 0 2 3 0
wannabelikekanye@#no! 1414328387 27 96 0 0 0 1 0 0 1 1
norxmal@#no! 1414332370 2992 27459 29 0 0 200 31 3 177 10
joshhuman@#no! 1414257132 1580 7671 1 0 2 211 3 8 200 3
joshhuman1@#no! 1414211831 1 1 0 0 0 1 0 0 1 0
